180161
180284
180055
180115
180021
180114
180018
180107
180094
180175
180262
180170
180282
180283
180178
180113
180073
180072
180263
180130
180069
180218
180038
180214
180154
180029
180027
180211
180249
180286
180082
180228
180251
180049
180090
180271
180229
180181
180033
180294
180291
180290
180127
180276
180151
180198
180241
180297
180256
180089
180171
180172
180237
180222
180227
180234
180273
180071
180183
180105
180238
180274
180117
180293
180103
180011
180088
180149
180206
180095
180187
180212
180097
180016
180186
180066
180119
180150
180279
180240
180179
180162
180008
180037
180051
180136
180265
180193
180050
180245
180215
180204
180205
180242
180165
180203
180139
180216
180034
180257
180002
180132
180116
180026
180168
180041
180135
180057
180101
180160
180285
180298
180147
180267
180112
180142
180129
180220
180061
180010
180159
180062
180146
180100
180044
180024
180031
180047
180140
180272
180185
180046
180124
180059
180042
180063
180188
180081
180053
180012
180252
180123
180250
180043
180207
180221
180230
180213
180009
180106
180078
180202
180091
180261
180292
180108
180253
180035
180259
180001
180177
180143
180006
180225
180102
180110
180201
180093
180032
180079
180197
180040
180189
180280
180199
180270
180070
180126
180184
180092
180015
180086
180210
180200
180281
180022
180148
180192
180258
180231
180054
180036
180096
180007
180169
180163
180247
180300
180138
180145
180133
180166
180075
180269
180246
180243
180287
180223
180157
180233
180020
180275
180083
180104
180128
180067
180182
180277
180019
180028
180268
180239
180295
180232
180152
180045
180266
180131
180065
180155
180077
180260
180196
180080
180296
180208
180176
180137
180017
180098
180191
180122
180289
180014
180219
180064
180023
180025
180194
180180
180173
180167
180164
180118
180048
180060
180013
180003
180121
180058
180248
180235
180236
180004
180244
180120
180052
180144
180085
180039
180158
180076
180068
180109
180153
180195
180299
180141
180174
180190
180156
180226
180217
180125
180030
180254
180209
180005
180278
180264
180134
180087
180099
180111
180224
180288
180255
180074
180056
180084